12 14
0.0336291682517109
0.0558868556929028
0.0594281243280371
0.0000002987343999
0.0189246455416088
0.0276781811058362
0.0301392235557091
0.0090378975877570
0.0148208591049793
0.0400188711911765
0.6224410682158457
0.0578590862591675
0.0160889934599974
0.0140467269708719
-18.4644912858389070 -3.4948289069063128 -1.3367351247674970 -0.8973742453963804 -0.4703318229796428 -0.3536484612389154 676.5210015763077500 100.0151585071879800 59.6313260326626420 18.8556471966315830 22.5313776178781640 19.6484603629227590 3.8997815177184849 -1.2640232845722341 -2.2596615545631620 0.0760170182959189 -1.7612914700647151 2.4940219473284868 -177.1680668474432100 43.6923922092201590 83.2099239144146450 3.3792149557312943 55.4549832855011220 -55.1449452757522350 -17.2352151558662110 36.1915714039591950 -17.8479025261352500 9.9349355621863094 1.1649498089932606 6.4067689606687068 426.1211817157235900 -907.3419335212209900 571.3718142623145000 -192.5241076073609700 -41.0353221750600240 -117.1111879182453600 -34.4903091798032190 -0.4883312912492865 -18.8659941268599350 26.9027930442511090 8.6104061571508055 -12.6452254334088960 968.9090933835669800 32.5488326006832410 1119.8749922902280000 -1008.6370817794293000 -310.7892715296106900 276.8232563518103000 -6.0106836607086453 8.3757882367966161 2.5024317245903727 8.6830936657966564 1.0111894585155217 2.3429038898659882 229.5673173877248100 -332.3304838416781300 -154.0746985343717200 -236.8451691038175700 -37.5785402713559620 -79.4751365160793310 -6.3223701197145346 -13.4410600596781280 -5.7120982249500383 -0.9500746822021559 -2.2857589830839524 2.0274185769441067 315.0504214525194600 539.9427847677172800 300.8670076256289000 49.0562271867699880 109.3619438037196400 -85.4130809454192530 -13.5515368334138200 -29.7499595406959400 -2.6201343131051167 1.6465932427490457 -0.7728492564073982 -2.5785710069035419 339.4128913406212300 791.5707905059181300 91.1048633515149500 -37.3993309864061270 16.4954067879089940 98.3037896612026000 -6.5155001021815426 5.7261466809288191 -0.1989259836550941 2.9566538235864792 -2.6165326432408098 3.5698117572120607 248.0344497321575300 -248.6950185083511300 10.1391029894033570 -91.0120625472502380 153.8059974419742300 -87.4484625067189680 -36.1889787066563570 10.0269060384431530 1.7022320897603211 3.9079706039136362 -3.2651149272605977 7.3359505866149668 2014.8201338490662000 -579.3065063928132800 -105.5054815177528800 -94.3533597451235830 84.0318990268506950 -405.7952389126648400 -5.0117548657630664 3.5255096792225604 -2.1204944261500271 -0.2894643155792068 -2.0794899422795625 -1.1569288680039276 241.5924604337285800 -166.4233999702656500 60.5808796282458740 15.4319918141373550 90.8863017615660880 78.8031602570606820 2.5537883994712880 9.0818216760713284 -3.5934972565110548 -5.4325910366698746 -1.6130044161165722 0.5247914335425284 0.2694792830520699 -12.0679662308578590 11.9144072246121910 1.6137479716546146 3.0138727840291897 -3.4388425063507162 -4.4919097908195607 0.3398476195697931 -9.7580462784831283 -17.5651626162627250 -12.0499465607541560 -2.4495437672445757 235.4897840839596800 -5.3249130984415318 311.0767417712031000 474.9028402289054000 432.6856043987388000 103.7660395224710600 -1.7323253447269158 0.2773257895491046 -0.7192771026925555 -0.8032454172826664 0.8742743757897653 -0.5819034480196452 98.0083857683004420 -10.0585989457928500 44.7742477161124910 22.4628717230092650 -36.9116315464465150 21.3007226108985040 -5.3641635650653869 0.3057195398399918 -1.6516787333987935 0.7715825053223984 -0.2686957924558039 0.0182582146479328 278.2874586519232000 -13.1131268988313550 88.8162120562768110 -14.7685049173753280 14.1590718256185660 -0.1388272792062475
77.8922409138544370 54.7152007055416620 -4.1452464990582438 41.3307592242444740 -2.5760792023361945 14.7997890303589530 -2853.8515698329561000 -1560.4353789957052000 192.7717505163597300 -854.5332373174704800 171.4403806008621700 -821.5726424542731400 54.7152007055416620 38.8261064958153810 -1.4059542623030599 24.3008030964403190 -1.5177493902510069 9.2898298823189105 -2004.6858809248877000 -1107.4189547755084000 66.2524396623567500 -502.5615468103574100 103.3420252781320000 -515.3861808683782300 -4.1452464990582438 -1.4059542623030599 6.2123937602988732 -19.7445968771080120 1.1407185359949603 -5.1947413281153754 151.7993806297201600 39.5898258765370910 -285.6304260761305600 407.7262418247937000 -68.3757053532875290 289.6515659402229500 41.3307592242444740 24.3008030964403190 -19.7445968771080120 81.4445440826887650 -5.3195840384339892 21.9405219052300250 -1514.3481453127961000 -691.4944937713110000 907.6050818378601000 -1682.3266164714814000 320.8581112947554700 -1221.9445176756155000 -2.5760792023361945 -1.5177493902510069 1.1407185359949603 -5.3195840384339892 0.3999072289732618 -1.3813923075887717 94.4133374199985980 43.1917957840737400 -52.3481905365185440 109.8894531897222000 -23.6900427716204550 76.9271330071922250 14.7997890303589530 9.2898298823189105 -5.1947413281153754 21.9405219052300250 -1.3813923075887717 14.0771030008997170 -541.7187471854620100 -264.3110473739342900 240.2163874340175800 -453.2775299583915400 86.0551510253064150 -784.9292557899741500 0.0000000000000000 0.0000000000000000 0.0000000000000000 0.0000000000000000 0.0000000000000000 0.0000000000000000 0.0000000000000000 0.0000000000000000 0.0000000000000000 0.0000000000000000 0.0000000000000000 0.0000000000000000 0.0000000000000000 0.0000000000000000 0.0000000000000000 0.0000000000000000 0.0000000000000000 0.0000000000000000 0.0000000000000000 0.0000000000000000 0.0000000000000000 0.0000000000000000 0.0000000000000000 0.0000000000000000 0.0000000000000000 0.0000000000000000 0.0000000000000000 0.0000000000000000 0.0000000000000000 0.0000000000000000 0.0000000000000000 0.0000000000000000 0.0000000000000000 0.0000000000000000 0.0000000000000000 0.0000000000000000 0.0000000000000000 0.0000000000000000 0.0000000000000000 0.0000000000000000 0.0000000000000000 0.0000000000000000 0.0000000000000000 0.0000000000000000 0.0000000000000000 0.0000000000000000 0.0000000000000000 0.0000000000000000 0.0000000000000000 0.0000000000000000 0.0000000000000000 0.0000000000000000 0.0000000000000000 0.0000000000000000 0.0000000000000000 0.0000000000000000 0.0000000000000000 0.0000000000000000 0.0000000000000000 0.0000000000000000 0.0000000000000000 0.0000000000000000 0.0000000000000000 0.0000000000000000 0.0000000000000000 0.0000000000000000 0.0000000000000000 0.0000000000000000 0.0000000000000000 0.0000000000000000 0.0000000000000000 0.0000000000000000
29.0440263970969350 -1.4419796601254944 25.4048688905354220 9.8718437341249121 10.1026877809460150 8.9979084500487367 -1331.8050899615971000 47.6672729292374980 -891.7466264044303400 -505.4656534235329600 -314.1078645075929200 -236.9261004721974200 -1.4419796601254944 2.4904747706505743 2.5330287179170385 -0.2610419887611160 1.5405915324361228 -9.6901321403628966 62.9855418948068500 -86.7549433572436900 -92.8635668676368200 -0.6107904945272047 -49.8713282856416950 217.0342328483097000 25.4048688905354220 2.5330287179170385 30.8213418586925520 12.6528972157228170 12.7882561142170110 20.5637391313805080 -1162.8866017634587000 -94.1370876005790220 -1082.2698111051402000 -635.3423113544968100 -397.6545897144209800 -500.8236554164711300 9.8718437341249121 -0.2610419887611160 12.6528972157228170 8.6374974169544689 5.4278176257698210 46.1312042282877000 -441.8550423737722200 2.5651801952822826 -435.3489898529187500 -390.3419990989124200 -163.6429335937230300 -1055.5912235147648000 10.1026877809460150 1.5405915324361228 12.7882561142170110 5.4278176257698210 66.4852404406964010 -48.8104419151602120 -473.2605587612152900 -74.0971450056226930 -435.2983234396047600 -328.1026600320341800 -2045.5745573578504000 1056.9245902754164000 8.9979084500487367 -9.6901321403628966 20.5637391313805080 46.1312042282877000 -48.8104419151602120 823.0285733234885600 -219.3076791139321500 279.5362278449512700 -608.0736906622521500 -1536.0369808630048000 1590.0878547691066000 -18544.5210190823020000 0.0000000000000000 0.0000000000000000 0.0000000000000000 0.0000000000000000 0.0000000000000000 0.0000000000000000 0.0000000000000000 0.0000000000000000 0.0000000000000000 0.0000000000000000 0.0000000000000000 0.0000000000000000 0.0000000000000000 0.0000000000000000 0.0000000000000000 0.0000000000000000 0.0000000000000000 0.0000000000000000 0.0000000000000000 0.0000000000000000 0.0000000000000000 0.0000000000000000 0.0000000000000000 0.0000000000000000 0.0000000000000000 0.0000000000000000 0.0000000000000000 0.0000000000000000 0.0000000000000000 0.0000000000000000 0.0000000000000000 0.0000000000000000 0.0000000000000000 0.0000000000000000 0.0000000000000000 0.0000000000000000 0.0000000000000000 0.0000000000000000 0.0000000000000000 0.0000000000000000 0.0000000000000000 0.0000000000000000 0.0000000000000000 0.0000000000000000 0.0000000000000000 0.0000000000000000 0.0000000000000000 0.0000000000000000 0.0000000000000000 0.0000000000000000 0.0000000000000000 0.0000000000000000 0.0000000000000000 0.0000000000000000 0.0000000000000000 0.0000000000000000 0.0000000000000000 0.0000000000000000 0.0000000000000000 0.0000000000000000 0.0000000000000000 0.0000000000000000 0.0000000000000000 0.0000000000000000 0.0000000000000000 0.0000000000000000 0.0000000000000000 0.0000000000000000 0.0000000000000000 0.0000000000000000 0.0000000000000000 0.0000000000000000
896.8947999693231200 418.1645003045525800 5.6074033927635494 -3.7506266598775579 123.9034199285289600 -54.0242414733272510 -22629.1482332066880000 -10724.0113332632350000 190.1003145862944700 230.5200604238841000 -2323.0518857919665000 909.9126642241431000 418.1645003045525800 1071.8135491811358000 -497.1124953653203400 -62.8766471875623690 352.1402822983960200 -179.6795438285206500 -10768.8127493105080000 -27032.4282857249450000 16351.3478294589530000 700.9865360787841800 -7160.9903992737691000 3416.1127231698147000 5.6074033927635494 -497.1124953653203400 901.9069735006731900 -123.8153396370911700 -36.1435540367093040 -120.2199032032913100 154.1528717460901100 12290.5355273490510000 -29432.8597122435060000 2844.3507670488802000 1404.6174617508875000 2232.8195718998018000 -3.7506266598775579 -62.8766471875623690 -123.8153396370911700 324.0635200432435600 -67.3816831430483920 -45.0709122004339380 117.4291969388303400 1593.0758672310706000 4220.6996958769369000 -5598.9971382674894000 1256.9518069488436000 798.0103525288486700 123.9034199285289600 352.1402822983960200 -36.1435540367093040 -67.3816831430483920 511.1932844236253000 -219.1781634740780200 -3115.0831027208278000 -8984.4721859447236000 1483.2225971429593000 1163.9933319902773000 -9746.1821874429315000 4118.3430628619963000 -54.0242414733272510 -179.6795438285206500 -120.2199032032913100 -45.0709122004339380 -219.1781634740780200 191.9251042743984500 1306.5607996604106000 4631.9279066570944000 3758.0138880780260000 654.4721654130995600 4065.3299601612348000 -3603.5455061919561000 0.0000000000000000 0.0000000000000000 0.0000000000000000 0.0000000000000000 0.0000000000000000 0.0000000000000000 0.0000000000000000 0.0000000000000000 0.0000000000000000 0.0000000000000000 0.0000000000000000 0.0000000000000000 0.0000000000000000 0.0000000000000000 0.0000000000000000 0.0000000000000000 0.0000000000000000 0.0000000000000000 0.0000000000000000 0.0000000000000000 0.0000000000000000 0.0000000000000000 0.0000000000000000 0.0000000000000000 0.0000000000000000 0.0000000000000000 0.0000000000000000 0.0000000000000000 0.0000000000000000 0.0000000000000000 0.0000000000000000 0.0000000000000000 0.0000000000000000 0.0000000000000000 0.0000000000000000 0.0000000000000000 0.0000000000000000 0.0000000000000000 0.0000000000000000 0.0000000000000000 0.0000000000000000 0.0000000000000000 0.0000000000000000 0.0000000000000000 0.0000000000000000 0.0000000000000000 0.0000000000000000 0.0000000000000000 0.0000000000000000 0.0000000000000000 0.0000000000000000 0.0000000000000000 0.0000000000000000 0.0000000000000000 0.0000000000000000 0.0000000000000000 0.0000000000000000 0.0000000000000000 0.0000000000000000 0.0000000000000000 0.0000000000000000 0.0000000000000000 0.0000000000000000 0.0000000000000000 0.0000000000000000 0.0000000000000000 0.0000000000000000 0.0000000000000000 0.0000000000000000 0.0000000000000000 0.0000000000000000 0.0000000000000000
2471.1849416286341000 621.4584915998990500 -611.6250049055347500 866.9784968869996600 225.8631422326316200 -436.9902283269714200 -71427.4162619539860000 -23853.2223690039140000 37725.5629533908720000 -32294.8985799697180000 -8513.2238160137076000 9240.0854552842320000 621.4584915998990500 505.7787932624534100 -34.0163603474406100 43.8095747473033160 -4.9668306632415735 -38.0396702125196810 -17922.4185043988040000 -19314.8017610737550000 2186.3306149986438000 -1663.9431674743223000 163.1409010675689900 777.3024269350881900 -611.6250049055347500 -34.0163603474406100 210.2309565759942400 -205.0791505872995500 -48.9101871607774750 103.0468748346446100 17685.1389278021520000 1335.1973864683737000 -12964.0756714430100000 7625.0820392084570000 1841.1966569499614000 -2187.0263804196047000 866.9784968869996600 43.8095747473033160 -205.0791505872995500 664.8855215659651800 233.1993905780659600 -327.0977628885280500 -25109.2995702597290000 -1744.2216493989761000 12495.1125346025670000 -24765.0111513001870000 -8755.3063139823498000 6941.4940915946745000 225.8631422326316200 -4.9668306632415735 -48.9101871607774750 233.1993905780659600 227.0251830112944700 -97.0941220629680120 -6573.2706700296549000 178.1411073291649000 2926.5312625609304000 -8685.2638815786595000 -8618.9321120937639000 2057.7364155111845000 -436.9902283269714200 -38.0396702125196810 103.0468748346446100 -327.0977628885280500 -97.0941220629680120 309.7121358188983900 12648.3076002031880000 1476.7488579779440000 -6277.9336699790947000 12197.4779947196970000 3597.9163905317955000 -6610.8480675169931000 0.0000000000000000 0.0000000000000000 0.0000000000000000 0.0000000000000000 0.0000000000000000 0.0000000000000000 0.0000000000000000 0.0000000000000000 0.0000000000000000 0.0000000000000000 0.0000000000000000 0.0000000000000000 0.0000000000000000 0.0000000000000000 0.0000000000000000 0.0000000000000000 0.0000000000000000 0.0000000000000000 0.0000000000000000 0.0000000000000000 0.0000000000000000 0.0000000000000000 0.0000000000000000 0.0000000000000000 0.0000000000000000 0.0000000000000000 0.0000000000000000 0.0000000000000000 0.0000000000000000 0.0000000000000000 0.0000000000000000 0.0000000000000000 0.0000000000000000 0.0000000000000000 0.0000000000000000 0.0000000000000000 0.0000000000000000 0.0000000000000000 0.0000000000000000 0.0000000000000000 0.0000000000000000 0.0000000000000000 0.0000000000000000 0.0000000000000000 0.0000000000000000 0.0000000000000000 0.0000000000000000 0.0000000000000000 0.0000000000000000 0.0000000000000000 0.0000000000000000 0.0000000000000000 0.0000000000000000 0.0000000000000000 0.0000000000000000 0.0000000000000000 0.0000000000000000 0.0000000000000000 0.0000000000000000 0.0000000000000000 0.0000000000000000 0.0000000000000000 0.0000000000000000 0.0000000000000000 0.0000000000000000 0.0000000000000000 0.0000000000000000 0.0000000000000000 0.0000000000000000 0.0000000000000000 0.0000000000000000 0.0000000000000000
81.4938581438909890 -45.8247504845025800 15.3841154133641690 -31.5905458397918120 -19.2882232018603830 12.6371370446019850 -3123.2604335779138000 1805.1621568548321000 -935.2563247757690300 857.3484179200540900 719.7043575597171000 -441.5237636621150700 -45.8247504845025800 38.0939194586437180 -18.3263674480424330 17.2875900708214690 15.1304203207731900 -11.1207580743982780 1755.0363445147789000 -1505.4841509368562000 1118.8333038595765000 -467.6014701305836100 -565.5514634708632700 387.0168034986780900 15.3841154133641690 -18.3263674480424330 12.8774813884416780 2.2932180539827431 -5.0639835401233073 3.9132661320642699 -588.9304754153638400 726.3957024411944300 -788.6235780521462900 -65.0203775969898030 190.6799308802922000 -136.6292583352855800 -31.5905458397918120 17.2875900708214690 2.2932180539827431 71.4046815858395120 6.9891980264359814 4.8727841159477610 1212.7792245425981000 -681.8789699200442600 -143.2712752343473100 -1949.8696522652842000 -267.1797833020340200 -163.4672444292270100 -19.2882232018603830 15.1304203207731900 -5.0639835401233073 6.9891980264359814 19.7569716633575720 -8.0119836010867083 736.7639648263136700 -593.2492978321375900 304.6119319738286900 -188.0415584881656900 -729.9704221172338500 278.0578445369557700 12.6371370446019850 -11.1207580743982780 3.9132661320642699 4.8727841159477610 -8.0119836010867083 14.9610675946831080 -482.3287087106283500 437.8605877084223200 -236.4748741071867400 -134.6456459026978800 294.1552602489364900 -513.8968445450267400 0.0000000000000000 0.0000000000000000 0.0000000000000000 0.0000000000000000 0.0000000000000000 0.0000000000000000 0.0000000000000000 0.0000000000000000 0.0000000000000000 0.0000000000000000 0.0000000000000000 0.0000000000000000 0.0000000000000000 0.0000000000000000 0.0000000000000000 0.0000000000000000 0.0000000000000000 0.0000000000000000 0.0000000000000000 0.0000000000000000 0.0000000000000000 0.0000000000000000 0.0000000000000000 0.0000000000000000 0.0000000000000000 0.0000000000000000 0.0000000000000000 0.0000000000000000 0.0000000000000000 0.0000000000000000 0.0000000000000000 0.0000000000000000 0.0000000000000000 0.0000000000000000 0.0000000000000000 0.0000000000000000 0.0000000000000000 0.0000000000000000 0.0000000000000000 0.0000000000000000 0.0000000000000000 0.0000000000000000 0.0000000000000000 0.0000000000000000 0.0000000000000000 0.0000000000000000 0.0000000000000000 0.0000000000000000 0.0000000000000000 0.0000000000000000 0.0000000000000000 0.0000000000000000 0.0000000000000000 0.0000000000000000 0.0000000000000000 0.0000000000000000 0.0000000000000000 0.0000000000000000 0.0000000000000000 0.0000000000000000 0.0000000000000000 0.0000000000000000 0.0000000000000000 0.0000000000000000 0.0000000000000000 0.0000000000000000 0.0000000000000000 0.0000000000000000 0.0000000000000000 0.0000000000000000 0.0000000000000000 0.0000000000000000
13.1038218925534430 26.7345769719969550 -13.6992241867292890 13.6217275551096700 -8.9798222660010865 -6.2960538503230934 -649.8277486851463900 -1069.7354583663607000 757.6510245580592500 -597.6113820486672200 450.2189682704379800 229.5663376610859500 26.7345769719969550 307.2943367832961000 -223.1027782486708000 -25.0703682957402840 -37.0942817436807100 -5.4609228904632356 -1313.5413755485420000 -12265.5755286905990000 12119.7743625723580000 1186.6143143070283000 1837.2377461747651000 -99.2475104037744980 -13.6992241867292890 -223.1027782486708000 355.8674164771221100 -3.7314223199642882 23.4853999517307950 14.5423702033615070 665.0267207714359800 8882.3866306156197000 -19317.0672471207040000 23.6992848916867660 -1128.8131030448537000 -164.9930023889404000 13.6217275551096700 -25.0703682957402840 -3.7314223199642882 30.1297251895606340 -5.7113156766530713 -9.9728577335156636 -677.3717974687069700 1000.3207634944320000 220.5884427221888300 -1327.9043852218122000 285.7623138055463400 403.6062415891489100 -8.9798222660010865 -37.0942817436807100 23.4853999517307950 -5.7113156766530713 20.9663204130211010 1.0115174485483436 444.0342998919186400 1479.7538702497693000 -1272.9992278853313000 237.1434570835799600 -1041.2396716124922000 0.5131066448706250 -6.2960538503230934 -5.4609228904632356 14.5423702033615070 -9.9728577335156636 1.0115174485483436 5.3218189673593699 312.0912220056368400 218.4792362518516000 -799.5961399156425400 437.0327513246109600 -51.1148833938174930 -197.7830192376665900 0.0000000000000000 0.0000000000000000 0.0000000000000000 0.0000000000000000 0.0000000000000000 0.0000000000000000 0.0000000000000000 0.0000000000000000 0.0000000000000000 0.0000000000000000 0.0000000000000000 0.0000000000000000 0.0000000000000000 0.0000000000000000 0.0000000000000000 0.0000000000000000 0.0000000000000000 0.0000000000000000 0.0000000000000000 0.0000000000000000 0.0000000000000000 0.0000000000000000 0.0000000000000000 0.0000000000000000 0.0000000000000000 0.0000000000000000 0.0000000000000000 0.0000000000000000 0.0000000000000000 0.0000000000000000 0.0000000000000000 0.0000000000000000 0.0000000000000000 0.0000000000000000 0.0000000000000000 0.0000000000000000 0.0000000000000000 0.0000000000000000 0.0000000000000000 0.0000000000000000 0.0000000000000000 0.0000000000000000 0.0000000000000000 0.0000000000000000 0.0000000000000000 0.0000000000000000 0.0000000000000000 0.0000000000000000 0.0000000000000000 0.0000000000000000 0.0000000000000000 0.0000000000000000 0.0000000000000000 0.0000000000000000 0.0000000000000000 0.0000000000000000 0.0000000000000000 0.0000000000000000 0.0000000000000000 0.0000000000000000 0.0000000000000000 0.0000000000000000 0.0000000000000000 0.0000000000000000 0.0000000000000000 0.0000000000000000 0.0000000000000000 0.0000000000000000 0.0000000000000000 0.0000000000000000 0.0000000000000000 0.0000000000000000
65.9877737607711200 -137.8588926953586600 -0.4463412096538456 -6.3822920435454256 -10.6061800789897070 -18.4901387958797050 -1653.5264899979145000 3668.0110713153590000 13.5087496792945810 145.3385789638628300 228.7497326172811500 704.4787994452513000 -137.8588926953586600 288.1857984986676800 0.7732262255494662 12.9140657279612600 22.3920868942492460 38.8675064205017340 3454.4815433081694000 -7667.7571261920684000 -22.6646368736165160 -294.1020157608328400 -482.9138958162790200 -1480.8729195994522000 -0.4463412096538456 0.7732262255494662 2.5645509123222809 -1.5508913193216807 2.6263613866050877 5.6233906238610452 11.1924656364508000 -20.5664621227623240 -89.4211712240611830 35.2956107665013760 -56.1393714413335370 -214.5763778355789700 -6.3822920435454256 12.9140657279612600 -1.5508913193216807 27.4668799308976830 10.0319317676236070 39.6913200301356570 160.2073822614306900 -343.6591080264340100 55.1099662361060040 -623.6670123164045700 -215.3509013349716100 -1514.3356396260453000 -10.6061800789897070 22.3920868942492460 2.6263613866050877 10.0319317676236070 40.7724855409551240 46.4521172234127850 266.1805119228886300 -595.6485024004041400 -90.5472836032647310 -227.9020945662090900 -872.9617998847887700 -1772.2321888093534000 -18.4901387958797050 38.8675064205017340 5.6233906238610452 39.6913200301356570 46.4521172234127850 145.5364738203594500 464.1679497849208400 -1034.2107609251177000 -193.4028080707089400 -900.3000377082485100 -995.7480251891628300 -5552.8009436093025000 0.0000000000000000 0.0000000000000000 0.0000000000000000 0.0000000000000000 0.0000000000000000 0.0000000000000000 0.0000000000000000 0.0000000000000000 0.0000000000000000 0.0000000000000000 0.0000000000000000 0.0000000000000000 0.0000000000000000 0.0000000000000000 0.0000000000000000 0.0000000000000000 0.0000000000000000 0.0000000000000000 0.0000000000000000 0.0000000000000000 0.0000000000000000 0.0000000000000000 0.0000000000000000 0.0000000000000000 0.0000000000000000 0.0000000000000000 0.0000000000000000 0.0000000000000000 0.0000000000000000 0.0000000000000000 0.0000000000000000 0.0000000000000000 0.0000000000000000 0.0000000000000000 0.0000000000000000 0.0000000000000000 0.0000000000000000 0.0000000000000000 0.0000000000000000 0.0000000000000000 0.0000000000000000 0.0000000000000000 0.0000000000000000 0.0000000000000000 0.0000000000000000 0.0000000000000000 0.0000000000000000 0.0000000000000000 0.0000000000000000 0.0000000000000000 0.0000000000000000 0.0000000000000000 0.0000000000000000 0.0000000000000000 0.0000000000000000 0.0000000000000000 0.0000000000000000 0.0000000000000000 0.0000000000000000 0.0000000000000000 0.0000000000000000 0.0000000000000000 0.0000000000000000 0.0000000000000000 0.0000000000000000 0.0000000000000000 0.0000000000000000 0.0000000000000000 0.0000000000000000 0.0000000000000000 0.0000000000000000 0.0000000000000000
1.3050249284300419 4.3825251490480310 -1.4241932500736236 3.3666460020297029 -4.3916140246440065 5.2378705089206248 -50.2249602922247010 -189.5409703472696500 76.4467755330935570 -107.5761173938371400 256.2544827973657100 -128.4120043152897200 4.3825251490480310 49.4956013326309970 0.4867654049743635 2.7375511721973655 0.2939143775636950 5.6087205776341431 -159.5334664262072400 -2135.9977504107619000 -24.5445664710597350 -94.5188627853546990 -13.8522793853995840 -135.6842607047107100 -1.4241932500736236 0.4867654049743635 25.1126371855373480 -5.5048502674538797 -2.2089862617787794 1.1628830368898413 57.9684257602683600 -20.0218798688350650 -1336.3135468647515000 188.7131835795088600 126.1198797012185700 -25.4722798281085580 3.3666460020297029 2.7375511721973655 -5.5048502674538797 22.6026091520497730 -6.0456134695116290 37.1839487242682200 -135.4058035071106500 -121.8786443245765800 302.7478950874294700 -718.7536350386932300 360.5378062666753700 -910.6262737481679300 -4.3916140246440065 0.2939143775636950 -2.2089862617787794 -6.0456134695116290 31.6417795630858870 -11.6230800453857820 169.5266640315838300 -12.5415447707859930 120.4134324053963200 186.0413172327262700 -1837.3922303056431000 285.6887833214364000 5.2378705089206248 5.6087205776341431 1.1628830368898413 37.1839487242682200 -11.6230800453857820 80.6522571881463510 -208.9547472386439600 -248.6027956740345800 -43.1557191424019070 -1177.3413520517202000 693.7700337232405400 -1973.5967102178686000 0.0000000000000000 0.0000000000000000 0.0000000000000000 0.0000000000000000 0.0000000000000000 0.0000000000000000 0.0000000000000000 0.0000000000000000 0.0000000000000000 0.0000000000000000 0.0000000000000000 0.0000000000000000 0.0000000000000000 0.0000000000000000 0.0000000000000000 0.0000000000000000 0.0000000000000000 0.0000000000000000 0.0000000000000000 0.0000000000000000 0.0000000000000000 0.0000000000000000 0.0000000000000000 0.0000000000000000 0.0000000000000000 0.0000000000000000 0.0000000000000000 0.0000000000000000 0.0000000000000000 0.0000000000000000 0.0000000000000000 0.0000000000000000 0.0000000000000000 0.0000000000000000 0.0000000000000000 0.0000000000000000 0.0000000000000000 0.0000000000000000 0.0000000000000000 0.0000000000000000 0.0000000000000000 0.0000000000000000 0.0000000000000000 0.0000000000000000 0.0000000000000000 0.0000000000000000 0.0000000000000000 0.0000000000000000 0.0000000000000000 0.0000000000000000 0.0000000000000000 0.0000000000000000 0.0000000000000000 0.0000000000000000 0.0000000000000000 0.0000000000000000 0.0000000000000000 0.0000000000000000 0.0000000000000000 0.0000000000000000 0.0000000000000000 0.0000000000000000 0.0000000000000000 0.0000000000000000 0.0000000000000000 0.0000000000000000 0.0000000000000000 0.0000000000000000 0.0000000000000000 0.0000000000000000 0.0000000000000000 0.0000000000000000
18.0643294217553820 12.5414926305998390 0.9366241817242240 10.5141316715857050 9.7375171389138355 24.8782745790578910 -1008.0965278872583000 -733.4573028269078300 -59.4336986039905360 -252.4959454134428300 -238.1735697131975700 -1387.4530787849076000 12.5414926305998390 18.7060818731801750 -0.0324362664773848 13.9625016970997500 10.1395121643964040 33.8747191615995790 -701.7724616876829500 -1091.6820394243853000 -17.2192045306574850 -335.3021302692888000 -246.7403938980754700 -1887.2822159830596000 0.9366241817242240 -0.0324362664773848 16.6245770275341440 -0.9436164088250999 -3.1565779545084345 -7.1597921281648844 -47.8386181586464970 -2.8280361752587577 -847.9807939182158000 15.6895066344968190 66.0855317463457230 392.2639022056600900 10.5141316715857050 13.9625016970997500 -0.9436164088250999 98.2532500452224870 7.9439311447233925 19.8478303119569510 -590.3703519755883900 -813.6270297005431800 28.9943132894660350 -2401.4642316852401000 -179.0490055588759900 -1105.7929442443979000 9.7375171389138355 10.1395121643964040 -3.1565779545084345 7.9439311447233925 53.2678557550423970 19.7485430279258200 -541.7096279439096000 -587.2093396114024700 123.3612287885059300 -165.7243854876007300 -1269.2980401918269000 -1106.8911878977865000 24.8782745790578910 33.8747191615995790 -7.1597921281648844 19.8478303119569510 19.7485430279258200 67.2725291527625020 -1393.3171695773128000 -1975.2289850886348000 331.5235554956290100 -470.9113541779403800 -477.9122887810014500 -3745.2951399195149000 0.0000000000000000 0.0000000000000000 0.0000000000000000 0.0000000000000000 0.0000000000000000 0.0000000000000000 0.0000000000000000 0.0000000000000000 0.0000000000000000 0.0000000000000000 0.0000000000000000 0.0000000000000000 0.0000000000000000 0.0000000000000000 0.0000000000000000 0.0000000000000000 0.0000000000000000 0.0000000000000000 0.0000000000000000 0.0000000000000000 0.0000000000000000 0.0000000000000000 0.0000000000000000 0.0000000000000000 0.0000000000000000 0.0000000000000000 0.0000000000000000 0.0000000000000000 0.0000000000000000 0.0000000000000000 0.0000000000000000 0.0000000000000000 0.0000000000000000 0.0000000000000000 0.0000000000000000 0.0000000000000000 0.0000000000000000 0.0000000000000000 0.0000000000000000 0.0000000000000000 0.0000000000000000 0.0000000000000000 0.0000000000000000 0.0000000000000000 0.0000000000000000 0.0000000000000000 0.0000000000000000 0.0000000000000000 0.0000000000000000 0.0000000000000000 0.0000000000000000 0.0000000000000000 0.0000000000000000 0.0000000000000000 0.0000000000000000 0.0000000000000000 0.0000000000000000 0.0000000000000000 0.0000000000000000 0.0000000000000000 0.0000000000000000 0.0000000000000000 0.0000000000000000 0.0000000000000000 0.0000000000000000 0.0000000000000000 0.0000000000000000 0.0000000000000000 0.0000000000000000 0.0000000000000000 0.0000000000000000 0.0000000000000000
3.1572856433206051 -6.5505466637281247 3.9439524846930438 0.0510689008578858 4.5567567143583894 1.0696447756234062 -152.3953411371089100 309.5869354259735400 -116.8105270359211400 -0.8916959413093046 -198.2729763408505300 -76.5954354770264700 -6.5505466637281247 23.1842542156623280 -18.1337430229875200 -1.2784012727016805 -20.1416782318061180 -5.5822064381288730 317.0945083881858900 -1095.5689805955515000 543.5686207735223000 66.9027543401720520 876.4556285819310200 382.0887317815896700 3.9439524846930438 -18.1337430229875200 15.6667855253532250 0.9337913985994806 15.5688347536370930 4.2932689489254328 -191.3416355380717800 856.9497993773214800 -472.5163223725097600 -48.4391542674447710 -678.0488427717156100 -294.9779941090963600 0.0510689008578858 -1.2784012727016805 0.9337913985994806 0.8177683558219543 2.2509277607455398 0.6327443721934829 -2.5157534486237614 60.3538999976615220 -27.4286842374178260 -47.1832884698152530 -97.4745409778205950 -40.8408193111840990 4.5567567143583894 -20.1416782318061180 15.5688347536370930 2.2509277607455398 45.2197454600227860 5.4826997169554215 -219.8112785263594200 951.5796452729189200 -457.0603707909862700 -122.3895936644826700 -1955.9551963942777000 -379.1317228817650900 1.0696447756234062 -5.5822064381288730 4.2932689489254328 0.6327443721934829 5.4826997169554215 3.1620651434033547 -52.0930553342637950 263.5635489430716800 -126.3530037212078000 -35.1946206838168220 -238.6393335583516700 -201.9441731089010300 0.0000000000000000 0.0000000000000000 0.0000000000000000 0.0000000000000000 0.0000000000000000 0.0000000000000000 0.0000000000000000 0.0000000000000000 0.0000000000000000 0.0000000000000000 0.0000000000000000 0.0000000000000000 0.0000000000000000 0.0000000000000000 0.0000000000000000 0.0000000000000000 0.0000000000000000 0.0000000000000000 0.0000000000000000 0.0000000000000000 0.0000000000000000 0.0000000000000000 0.0000000000000000 0.0000000000000000 0.0000000000000000 0.0000000000000000 0.0000000000000000 0.0000000000000000 0.0000000000000000 0.0000000000000000 0.0000000000000000 0.0000000000000000 0.0000000000000000 0.0000000000000000 0.0000000000000000 0.0000000000000000 0.0000000000000000 0.0000000000000000 0.0000000000000000 0.0000000000000000 0.0000000000000000 0.0000000000000000 0.0000000000000000 0.0000000000000000 0.0000000000000000 0.0000000000000000 0.0000000000000000 0.0000000000000000 0.0000000000000000 0.0000000000000000 0.0000000000000000 0.0000000000000000 0.0000000000000000 0.0000000000000000 0.0000000000000000 0.0000000000000000 0.0000000000000000 0.0000000000000000 0.0000000000000000 0.0000000000000000 0.0000000000000000 0.0000000000000000 0.0000000000000000 0.0000000000000000 0.0000000000000000 0.0000000000000000 0.0000000000000000 0.0000000000000000 0.0000000000000000 0.0000000000000000 0.0000000000000000 0.0000000000000000
140.2568089893744300 -68.9310869240638910 -54.5332515465972990 4.4094635651990304 8.4824677765329959 -17.4399294085986230 -67.5032408288590490 -5.2725787636113353 223.8060046145643900 -20.1976509959163800 48.3412299810483430 -157.5374154118077600 -68.9310869240638910 346.3007523194864900 75.3283588342521430 91.3006321475683510 13.6281477144373810 6.8611098113692783 69.2526551295068490 -364.8700628481003000 37.4644323218783910 -412.2256403168162300 -75.9983345624402200 126.1864839120212200 -54.5332515465972990 75.3283588342521430 106.4933091466389600 10.1892986849279530 34.9437169275146720 13.0904810887315700 16.9504231303378820 -47.3303202869646430 -142.8620886131174100 -63.2799490463563430 -111.9960080288370500 78.3135075906022560 4.4094635651990304 91.3006321475683510 10.1892986849279530 136.9257921629199800 -29.0021175112609340 10.7575098760490100 15.8066284496902690 -118.8613351384690700 73.6714451588944000 -322.0293357812570300 56.5538037036548080 -24.0849366569957440 8.4824677765329959 13.6281477144373810 34.9437169275146720 -29.0021175112609340 174.0486076633694700 -6.2032680631158117 -6.0959344904206656 -18.1350058030626040 -12.2644154146112180 34.8841216841510540 -294.6572601594662600 7.1409083172689520 -17.4399294085986230 6.8611098113692783 13.0904810887315700 10.7575098760490100 -6.2032680631158117 6.1999320763625629 7.6551364625619769 2.3283889564393960 -32.8894648863424810 -17.3523399957863700 1.2957797121320351 12.3341752893348740 0.0000000000000000 0.0000000000000000 0.0000000000000000 0.0000000000000000 0.0000000000000000 0.0000000000000000 0.0000000000000000 0.0000000000000000 0.0000000000000000 0.0000000000000000 0.0000000000000000 0.0000000000000000 0.0000000000000000 0.0000000000000000 0.0000000000000000 0.0000000000000000 0.0000000000000000 0.0000000000000000 0.0000000000000000 0.0000000000000000 0.0000000000000000 0.0000000000000000 0.0000000000000000 0.0000000000000000 0.0000000000000000 0.0000000000000000 0.0000000000000000 0.0000000000000000 0.0000000000000000 0.0000000000000000 0.0000000000000000 0.0000000000000000 0.0000000000000000 0.0000000000000000 0.0000000000000000 0.0000000000000000 0.0000000000000000 0.0000000000000000 0.0000000000000000 0.0000000000000000 0.0000000000000000 0.0000000000000000 0.0000000000000000 0.0000000000000000 0.0000000000000000 0.0000000000000000 0.0000000000000000 0.0000000000000000 0.0000000000000000 0.0000000000000000 0.0000000000000000 0.0000000000000000 0.0000000000000000 0.0000000000000000 0.0000000000000000 0.0000000000000000 0.0000000000000000 0.0000000000000000 0.0000000000000000 0.0000000000000000 0.0000000000000000 0.0000000000000000 0.0000000000000000 0.0000000000000000 0.0000000000000000 0.0000000000000000 0.0000000000000000 0.0000000000000000 0.0000000000000000 0.0000000000000000 0.0000000000000000 0.0000000000000000
2.9071796680797934 4.7710885659016933 14.1116332659244640 17.8784174358681480 16.1035762075367440 0.8902512805272305 -150.4492921394702900 -174.0214061910205600 -456.0489996868714700 -483.4516628138512100 -581.8019941357558800 -10.5663965738868630 4.7710885659016933 969.2950816711606900 202.4804547696213600 296.0685363157672300 36.4988365623024010 78.2298265169324480 -244.0295556866052500 -33828.6128303911390000 -6837.6294979084569000 -8126.9456233896535000 -1189.2261755696991000 -3901.5616535099680000 14.1116332659244640 202.4804547696213600 157.0249082500174300 213.1676448449329700 122.8300602731879100 45.3524164384783570 -725.5862870475346000 -7123.4575838640858000 -5157.5383554605269000 -5777.2456229822938000 -4396.0019956760625000 -2066.7318365773835000 17.8784174358681480 296.0685363157672300 213.1676448449329700 2053.7566286600304000 1175.7970182610743000 460.0143783081686000 -714.5831220376316000 -10800.2581349779520000 -5616.1329218989913000 -55802.3615153063070000 -41438.9003251767720000 -23032.4923075342960000 16.1035762075367440 36.4988365623024010 122.8300602731879100 1175.7970182610743000 792.8829191893140700 296.5631863060988800 -724.9420927091355200 -1564.2540117128779000 -3160.2264072697685000 -31906.6610308240710000 -28021.5343688588290000 -14805.9816096311350000 0.8902512805272305 78.2298265169324480 45.3524164384783570 460.0143783081686000 296.5631863060988800 130.9924107645434200 -4.8818880628899848 -2832.9754083758376000 -1175.2281113019581000 -12487.1334234475510000 -10451.6349969036200000 -6608.7649343508783000 0.0000000000000000 0.0000000000000000 0.0000000000000000 0.0000000000000000 0.0000000000000000 0.0000000000000000 0.0000000000000000 0.0000000000000000 0.0000000000000000 0.0000000000000000 0.0000000000000000 0.0000000000000000 0.0000000000000000 0.0000000000000000 0.0000000000000000 0.0000000000000000 0.0000000000000000 0.0000000000000000 0.0000000000000000 0.0000000000000000 0.0000000000000000 0.0000000000000000 0.0000000000000000 0.0000000000000000 0.0000000000000000 0.0000000000000000 0.0000000000000000 0.0000000000000000 0.0000000000000000 0.0000000000000000 0.0000000000000000 0.0000000000000000 0.0000000000000000 0.0000000000000000 0.0000000000000000 0.0000000000000000 0.0000000000000000 0.0000000000000000 0.0000000000000000 0.0000000000000000 0.0000000000000000 0.0000000000000000 0.0000000000000000 0.0000000000000000 0.0000000000000000 0.0000000000000000 0.0000000000000000 0.0000000000000000 0.0000000000000000 0.0000000000000000 0.0000000000000000 0.0000000000000000 0.0000000000000000 0.0000000000000000 0.0000000000000000 0.0000000000000000 0.0000000000000000 0.0000000000000000 0.0000000000000000 0.0000000000000000 0.0000000000000000 0.0000000000000000 0.0000000000000000 0.0000000000000000 0.0000000000000000 0.0000000000000000 0.0000000000000000 0.0000000000000000 0.0000000000000000 0.0000000000000000 0.0000000000000000 0.0000000000000000
0.9005163735832310 -1.3149937091852870 3.1309788551922964 3.9726301463130156 0.2583971680703077 0.0408869558339029 -52.9138550606608720 51.1712529353779220 -195.5720439270183700 -106.6724874396687700 -10.2526007465904970 -2.0831932169137461 -1.3149937091852870 2.0174321751064435 -3.5351791595166966 -4.2974983624683230 -0.2123208674699138 -0.0648301276834040 76.5199168222775230 -78.5596909463847620 220.7511923410432900 115.5842147909967400 8.4487610877009267 3.0957008312980960 3.1309788551922964 -3.5351791595166966 22.6911181429427810 29.5129659974571400 2.7233388669679131 2.9204782695742404 -192.3700040124149700 136.7830697025372900 -1417.9076928934644000 -790.6602933621194300 -108.3903280211554000 -108.1269700844332500 3.9726301463130156 -4.2974983624683230 29.5129659974571400 43.6279380366527650 3.8080728497519147 5.8277162849264634 -244.6894675244996300 166.5540959041700500 -1844.6829123245141000 -1167.8968283746433000 -150.3371845522393600 -213.1527365662927300 0.2583971680703077 -0.2123208674699138 2.7233388669679131 3.8080728497519147 0.3923633706650271 1.1127804790912299 -16.4768692366144980 8.1537783159286175 -170.2154393025907400 -101.9020560448361600 -15.6829206538632700 -40.2103273213092010 0.0408869558339029 -0.0648301276834040 2.9204782695742404 5.8277162849264634 1.1127804790912299 60.6484559432697100 -2.8207947291153719 1.2940311927965753 -181.1484972300970100 -155.4371505705782100 -49.8936859137749950 -2169.9490553510336000 0.0000000000000000 0.0000000000000000 0.0000000000000000 0.0000000000000000 0.0000000000000000 0.0000000000000000 0.0000000000000000 0.0000000000000000 0.0000000000000000 0.0000000000000000 0.0000000000000000 0.0000000000000000 0.0000000000000000 0.0000000000000000 0.0000000000000000 0.0000000000000000 0.0000000000000000 0.0000000000000000 0.0000000000000000 0.0000000000000000 0.0000000000000000 0.0000000000000000 0.0000000000000000 0.0000000000000000 0.0000000000000000 0.0000000000000000 0.0000000000000000 0.0000000000000000 0.0000000000000000 0.0000000000000000 0.0000000000000000 0.0000000000000000 0.0000000000000000 0.0000000000000000 0.0000000000000000 0.0000000000000000 0.0000000000000000 0.0000000000000000 0.0000000000000000 0.0000000000000000 0.0000000000000000 0.0000000000000000 0.0000000000000000 0.0000000000000000 0.0000000000000000 0.0000000000000000 0.0000000000000000 0.0000000000000000 0.0000000000000000 0.0000000000000000 0.0000000000000000 0.0000000000000000 0.0000000000000000 0.0000000000000000 0.0000000000000000 0.0000000000000000 0.0000000000000000 0.0000000000000000 0.0000000000000000 0.0000000000000000 0.0000000000000000 0.0000000000000000 0.0000000000000000 0.0000000000000000 0.0000000000000000 0.0000000000000000 0.0000000000000000 0.0000000000000000 0.0000000000000000 0.0000000000000000 0.0000000000000000 0.0000000000000000
6.3465375899477685 -1.1962266710617602 -16.5520617321785400 3.0310804610738757 0.3180149268652533 -1.1211645892433733 -332.2780999735291500 52.8836165876551620 913.0502424900388400 -57.9236368471229500 -12.3229299757278400 70.2685985947657200 -1.1962266710617602 0.6996008224996609 3.5724349114434037 -0.9032739922989778 -0.2584946573601373 0.3582503446487200 62.7559980688581190 -30.6556013572977830 -196.5391503750582600 18.9343726538054750 12.0513813249436020 -22.6800559749310300 -16.5520617321785400 3.5724349114434037 71.5378318713665640 -2.5743490842529324 -1.2553523168616043 3.0143898151914241 867.5188759450445600 -158.0875616731168200 -3964.8355141604156000 -32.5262029950012130 50.4349998403536900 -182.8048192727401000 3.0310804610738757 -0.9032739922989778 -2.5743490842529324 3.5247116731802581 -0.2197571941882490 -0.7667433129430019 -158.8814999754962700 39.7293047881572720 136.3224026707874300 -90.4160656381601770 12.4496645945863430 50.0144503754405960 0.3180149268652533 -0.2584946573601373 -1.2553523168616043 -0.2197571941882490 0.7837739983417136 -0.1892150221714469 -16.5167775098887650 11.2714675199320060 70.1299418165749980 7.5210034033371915 -38.9639995237556040 11.6285057484370160 -1.1211645892433733 0.3582503446487200 3.0143898151914241 -0.7667433129430019 -0.1892150221714469 0.4425336429483633 58.7751200075317830 -15.7673766247850280 -165.8030025006776200 16.1676006011287190 8.7106351622414042 -27.9993712612754390 0.0000000000000000 0.0000000000000000 0.0000000000000000 0.0000000000000000 0.0000000000000000 0.0000000000000000 0.0000000000000000 0.0000000000000000 0.0000000000000000 0.0000000000000000 0.0000000000000000 0.0000000000000000 0.0000000000000000 0.0000000000000000 0.0000000000000000 0.0000000000000000 0.0000000000000000 0.0000000000000000 0.0000000000000000 0.0000000000000000 0.0000000000000000 0.0000000000000000 0.0000000000000000 0.0000000000000000 0.0000000000000000 0.0000000000000000 0.0000000000000000 0.0000000000000000 0.0000000000000000 0.0000000000000000 0.0000000000000000 0.0000000000000000 0.0000000000000000 0.0000000000000000 0.0000000000000000 0.0000000000000000 0.0000000000000000 0.0000000000000000 0.0000000000000000 0.0000000000000000 0.0000000000000000 0.0000000000000000 0.0000000000000000 0.0000000000000000 0.0000000000000000 0.0000000000000000 0.0000000000000000 0.0000000000000000 0.0000000000000000 0.0000000000000000 0.0000000000000000 0.0000000000000000 0.0000000000000000 0.0000000000000000 0.0000000000000000 0.0000000000000000 0.0000000000000000 0.0000000000000000 0.0000000000000000 0.0000000000000000 0.0000000000000000 0.0000000000000000 0.0000000000000000 0.0000000000000000 0.0000000000000000 0.0000000000000000 0.0000000000000000 0.0000000000000000 0.0000000000000000 0.0000000000000000 0.0000000000000000 0.0000000000000000
